>> DSIM_model

A =

   -1.6911    0.0002    0.1000         0    0.0008         0
    0.0008   -1.6911         0    0.1000    0.0008         0
   -0.1000         0   -1.6911    0.0002         0    0.0008
         0   -0.1000    0.0002   -1.6911         0    0.0008
    0.0005    0.0005         0         0   -3.5351   -0.0966
         0         0    0.0005    0.0005   -0.0966   -3.5351


B =

     1
     0
     0
     0
     0
     0


C =

     1     0     0     0     0     0


D =

     0


nun =

         0    1.0000   12.1435   56.9463  128.9357  141.5744   60.6042


denun =

    1.0000   13.8346   77.4922  225.3421  360.0102  300.6460  102.8461


G =
 
       s^5 + 12.14 s^4 + 56.95 s^3 + 128.9 s^2 + 141.6 s + 60.6
  -------------------------------------------------------------------
  s^6 + 13.83 s^5 + 77.49 s^4 + 225.3 s^3 + 360 s^2 + 300.6 s + 102.8
 
Continuous-time transfer function.
